Some((
    red: 0.8117647,
    green: 0.69019616,
    blue: 0.37254906,
))