Some((
    red: 0.14901961,
    green: 0.13333334,
    blue: 0.12941177,
    alpha: 1.0,
))