Some((
    red: 0.21960784,
    green: 0.1882353,
    blue: 0.1882353,
))