Some((
    red: 0.18039216,
    green: 0.16470589,
    blue: 0.16078432,
    alpha: 1.0,
))