Some((
    red: 0.93333334,
    green: 0.9019608,
    blue: 0.827451,
))