Some((
    red: 0.0039215684,
    green: 0.59607846,
    blue: 0.4588235,
))